967790213097
967790213101
967790213116
967790213124
967790213133
967790213145
967790213146
967790213160
967790213166
967790213178
967790213181
967790213198
967790213228
967790213259
967790213271
967790213284
967790213286
967790213333
967790213334
967790213371
967790213396
967790213413
967790213421
967790213440
967790213484
967790213499
967790213511
967790213525
967790213569
967790213601
967790213621
967790213640
967790213642
967790213660
967790213662
967790213680
967790213684
967790213686
967790213688
967790213689
967790213693
967790213704
967790213712
967790213718
967790213730
967790213745
967790213754
967790213767
967790213770
967790213799
967790213817
967790213842
967790213863
967790213869
967790213879
967790213927
967790213955
967790214012
967790214028
967790214059
967790214069
967790214071
967790214073
967790214078
967790214084
967790214104
967790214112
967790214120
967790214128
967790214130
967790214142
967790214147
967790214162
967790214167
967790214179
967790214204
967790214218
967790214224
967790214236
967790214258
967790214353
967790214354
967790214370
967790214394
967790214452
967790214458
967790214460
967790214471
967790214479
967790214486
967790214491
967790214501
967790214559
967790214566
967790214573
967790214577
967790214578
967790214583
967790214634
967790214638
967790214641
967790214654
967790214659
967790214685
967790214699
967790214703
967790214708
967790214972
967790215039
967790215079
967790215090
967790215100
967790215138
967790215218
967790215718
967790215728
967790215752
967790215795
967790215816
967790216309
967790216463
967790216567
967790216881
967790216972
967790217008
967790217097
967790217128
967790217130
967790217132
967790217150
967790217154
967790217230
967790217240
967790217252
967790217294
967790217300
967790217328
967790218783
967790218810
967790219261
967790219375
967790219404
967790219428
967790219456
967790219465
967790219522
967790219567
967790219601
967790219718
967790220162
967790220194
967790220392
967790220500
967790220553
967790220743
967790220827
967790220915
967790221058
967790221166
967790221445
967790221757
967790221770
967790221847
967790221914
967790222006
967790222039
967790222040
967790222170
967790222265
967790222347
967790222594
967790222699
967790222728
967790222771
967790222795
967790222811
967790222816
967790222854
967790222889
967790222903
967790222948
967790223055
967790223103
967790223160
967790223188
967790223206
967790223221
967790223223
967790223226
967790223252
967790223297
967790223301
967790223328
967790223351
967790223450
967790223457
967790223467
967790230007
967790230009
967790230029
967790230031
967790112702
967790112788
967790112796
967790112804
967790112815
967790112821
967790112829
967790112834
967790112835
967790112839
967790112841
967790112941
967790112943
967790112983
967790113632
967790113638
967790113648
967790113662
967790113675
967790113896
967790114461
967790114519
967790114557
967790114595
967790118031
967790119843
967790119844
967790122487
967790124125
967790124175
967790124519
967790124542
967790124552
967790124594
967790125025
967790125052
967790125238
967790125264
967790125295
967790125377
967790125380
967790125392
967790125988
967790126056
967790126064
967790126191
967790126264
967790126316
967790126319
967790126365
967790126385
967790126396
967790126740
967790126901
967790126904
967790126920
967790126925
967790126926
967790126927
967790126928
967790126936
967790126938
967790126978
967790126997
967790127048
967790127065
967790127086
967790127092
967790127229
967790127254
967790127347
967790127367
967790127373
967790127448
967790127455
967790127565
967790127573
967790127623
967790127634
967790127666
967790127669
967790127672
967790127678
967790127705
967790127706
967790127708
967790127720
967790127729
967790127730
967790127733
967790127959
967790128110
967790128956
967790128963
967790128965
967790128972
967790128975
967790128987
967790128991
967790128992
967790129013
967790129017
967790129033
967790129046
967790129049
967790129054
967790129113
967790129137
967790129141
967790129147
967790129165
967790129176
967790129181
967790129182
967790129184
967790129189
967790129190
967790129192
967790129193
967790129198
967790129200
967790129202
967790129204
967790129207
967790129211
967790129212
967790129452
967790129611
967790129682
967790129928
967790129958
967790129992
967790129999
967790130001
967790130038
967790130063
967790130121
967790130144
967790130147
967790130156
967790130158
967790130162
967790130170
967790130171
967790130182
967790130187
967790130189
967790130303
967790130328
967790130329
967790130331
967790130346
967790130348
967790130349
967790130353
967790130356
967790130455
967790130460
967790130466
967790130468
967790130475
967790130476
967790130477
967790130686
967790130687
967790130720
967790130737
967790130738
967790130753
967790130758
967790130762
967790130763
967790130781
967790131098
967790131126
967790131435
967790131656
967790131671
967790131713
967790131717
967790131727
967790131747
967790131787
967790132223
967790132893
967790132898
967790132899
967790133234
967790133278
967790133354
967790133359
967790133379
967790133381
967790133382
967790133383
967790133391
967790133406
967790133415
967790133428
967790133437
967790133440
967790133444
967790133451
967790133468
967790133477
967790133478
967790133485
967790133494
967790133513
967790133522
967790133529
967790133541
967790133567
967790133568
967790133574
967790133590
967790133615
967790133627
967790133632
967790133634
967790133645
967790133668
967790133735
967790133748
967790133762
967790133768
967790133784
967790133792
967790133950
967790134027
967790134523
967790134536
967790134542
967790134703
967790134720
967790134872
967790134952
967790134956
967790134976
967790134978
967790134994
967790135001
967790135006
967790135008
967790135012
967790135014
967790135034
967790135045
967790135062
967790135185
967790135188
967790135237
967790135252
967790135254
967790135259
967790135269
967790135271
967790135274
967790135276
967790135294
967790135296
967790135360
967790135370
967790135379
967790135398
967790135400
967790135404
967790135408
967790135427
967790135432
967790135433
967790135439
967790135447
967790135480
967790135504
967790135652
967790135702
967790135706
967790135707
967790135729
967790135751
967790135778
967790135810
967790135827
967790135838
967790135841
967790135850
967790135863
967790135864
967790135876
967790135893
967790135905
967790135933
967790135948
967790135961
967790135982
967790136146
967790136152
967790136160
967790136163
967790136207
967790136208
967790136214
967790136218
967790136223
967790136232
967790136256
967790136279
967790136328
967790136701
967790136729
967790136768
967790136806
967790136810
967790136846
967790136866
967790136871
967790136877
967790136887
967790136904
967790136909
967790136910
967790136918
967790136932
967790136942
967790136945
967790136946
967790136948
967790136963
967790136989
967790137101
967790137125
967790137188
967790137302
967790137309
967790137347
967790137366
967790137367
967790137378
967790137544
967790137624
967790137792
967790137794
967790137839
967790137905
967790137954
967790137962
967790137972
967790137975
967790138038
967790138042
967790138072
967790138073
967790138077
967790138079
967790138083
967790138090
967790138092
967790138093
967790138095
967790138097
967790138099
967790138101
967790138106
967790138120
967790138125
967790138133
967790138160
967790138162
967790138171
967790138174
967790138175
967790138183
967790138184
967790138192
967790138331
967790138355
967790138356
967790138381
967790138390
967790138417
967790138460
967790138461
967790138485
967790138516
967790138557
967790138565
967790138623
967790138643
967790138669
967790138674
967790138682
967790138699
967790138745
967790138764
967790138805
967790138822
967790138849
967790138850
967790138948
967790139007
967790139030
967790139036
967790139037
967790139039
967790139042
967790139044
967790139049
967790139054
967790139064
967790139069
967790139070
967790139072
967790139074
967790139075
967790139079
967790139098
967790139149
967790139171
967790139207
967790139229
967790139232
967790139238
967790139248
967790139292
967790139375
967790139419
967790139443
967790139452
967790139453
967790139469
967790139471
967790139490
967790139493
967790139572
967790139573
967790139606
967790139607
967790139647
967790139666
967790139667
967790139675
967790139680
967790139681
967790139690
967790139693
967790139694
967790139695
967790139701
967790139702
967790139703
967790139704
967790139705
967790139706
967790139711
967790139714
967790139721
967790139731
967790139781
967790139785
967790139787
967790139802
967790139811
967790139824
967790139843
967790139845
967790139848
967790139900
967790139906
967790139912
967790140076
967790140088
967790140111
967790140119
967790140121
967790140123
967790140138
967790140140
967790140147
967790140151
967790140161
967790140170
967790140176
967790140183
967790140188
967790140197
967790140201
967790140205
967790140207
967790140213
967790140215
967790140219
967790140223
967790140226
967790140232
967790140238
967790140244
967790140256
967790140257
967790140264
967790140268
967790140269
967790140270
967790140280
967790140281
967790140288
967790140300
967790140302
967790140308
967790140309
967790140325
967790140329
967790140333
967790140341
967790140342
967790140350
967790140352
967790140355
967790140358
967790140362
967790140364
967790140367
967790140375
967790140379
967790140382
967790140385
967790140389
967790140399
967790140404
967790140408
967790140420
967790140438
967790140444
967790140446
967790140454
967790140461
967790140464
967790140465
967790140468
967790140491
967790140494
967790140502
967790140504
967790140508
967790140512
967790140518
967790140526
967790140535
967790140543
967790140547
967790140550
967790140559
967790140566
967790140702
967790140723
967790140727
967790140739
967790140743
967790140747
967790140763
967790140770
967790140771
967790140779
967790140801
967790140825
967790140849
967790140860
967790140864
967790140889
967790140896
967790140906
967790140909
967790140914
967790141296
967790141302
967790141304
967790141305
967790141306
967790141307
967790141316
967790141324
967790141325
967790141632
967790141681
967790141701
967790141765
967790141780
967790141807
967790141810
967790141821
967790141849
967790141851
967790141873
967790141904
967790141983
967790142041
967790142043
967790142075
967790142098
967790142101
967790142111
967790142119
967790142145
967790142153
967790142170
967790142205
967790142215
967790142218
967790142229
967790142233
967790142237
967790142238
967790142261
967790142333
967790142397
967790142448
967790142454
967790142813
967790142835
967790142870
967790142890
967790142940
967790143188
967790143264
967790143265
967790143272
967790143279
967790143282
967790143304
967790143306
967790143308
967790143310
967790143311
967790143318
967790143333
967790143340
967790143343
967790143344
967790143365
967790143373
967790143374
967790143375
967790143381
967790143391
967790143392
967790143405
967790143408
967790143409
967790143427
967790143472
967790143553
967790143716
967790144606
967790144631
967790144634
967790144715
967790144865
967790144892
967790144920
967790144923
967790144935
967790144938
967790144963
967790146525
967790146929
967790146939
967790146943
967790147011
967790147013
967790147027
967790147028
967790147044
967790147058
967790147063
967790147073
967790147083
967790147084
967790147095
967790147102
967790147105
967790147107
967790147114
967790147202
967790147275
967790147283
967790147406
967790147423
967790147438
967790147460
967790147467
967790147468
967790147482
967790147487
967790147534
967790200183
967790200195
967790200202
967790200216
967790200233
967790200334
967790200709
967790201027
967790202273
967790202276
967790202536
967790202667
967790202669
967790202681
967790202696
967790202701
967790202724
967790202730
967790202740
967790202753
967790202785
967790202871
967790202884
967790202889
967790202908
967790202922
967790202923
967790202924
967790202929
967790202935
967790202953
967790203001
967790203015
967790203053
967790203065
967790203088
967790203100
967790203120
967790203155
967790203172
967790203186
967790203240
967790203243
967790203247
967790203262
967790203284
967790203306
967790203319
967790203323
967790203326
967790203331
967790203361
967790203372
967790203374
967790203393
967790203411
967790203426
967790203436
967790203466
967790203468
967790203526
967790203545
967790203550
967790203555
967790203606
967790203607
967790203617
967790203633
967790203638
967790203670
967790203672
967790203726
967790203732
967790203758
967790203773
967790203774
967790203779
967790203795
967790203809
967790203817
967790203818
967790203824
967790203840
967790203854
967790203857
967790203858
967790203862
967790203864
967790203867
967790203877
967790203884
967790203887
967790203889
967790203892
967790203899
967790203917
967790203927
967790203938
967790203957
967790203958
967790203978
967790203981
967790203994
967790204000
967790204006
967790204008
967790204024
967790204047
967790204056
967790204066
967790204070
967790204071
967790204073
967790204074
967790204089
967790204112
967790204126
967790204163
967790204181
967790204198
967790204200
967790204207
967790204210
967790204450
967790204688
967790204703
967790204894
967790204941
967790204993
967790205006
967790205007
967790205008
967790205039
967790205049
967790205056
967790205066
967790205075
967790205080
967790205115
967790205133
967790205139
967790205720
967790205766
967790205789
967790205876
967790206362
967790206411
967790206452
967790206597
967790206859
967790207090
967790207106
967790207471
967790207933
967790208247
967790208462
967790208595
967790208622
967790208827
967790208861
967790208877
967790208889
967790208939
967790208973
967790209050
967790209098
967790209281
967790209290
967790209757
967790209758
967790209763
967790209765
967790209777
967790209809
967790209813
967790209827
967790209833
967790209839
967790209847
967790209853
967790209857
967790209864
967790210074
967790210099
967790210118
967790210167
967790210194
967790210341
967790210403
967790210414
967790210421
967790210432
967790210469
967790210481
967790210485
967790210496
967790210502
967790210507
967790210555
967790210558
967790210570
967790210745
967790210784
967790210921
967790210993
967790211033
967790211034
967790211038
967790211039
967790211050
967790211064
967790211074
967790211082
967790211088
967790211089
967790211092
967790211101
967790211106
967790211107
967790211128
967790211140
967790211153
967790211154
967790211155
967790211302
967790211304
967790211337
967790211341
967790211362
967790211672
967790211675
967790211684
967790211696
967790211698
967790211713
967790211735
967790211743
967790211748
967790211749
967790211753
967790211765
967790211766
967790211779
967790211801
967790211813
967790211823
967790211911
967790211921
967790211924
967790211946
967790211948
967790211958
967790211974
967790211976
967790211985
967790211986
967790211993
967790211996
967790212001
967790212022
967790212036
967790212039
967790212042
967790212045
967790212046
967790212055
967790212056
967790212058
967790212059
967790212066
967790212067
967790212073
967790212080
967790212106
967790212129
967790212144
967790212146
967790212156
967790212158
967790212161
967790212162
967790212168
967790212180
967790212181
967790212206
967790212221
967790212226
967790212236
967790212249
967790212259
967790212271
967790212273
967790212274
967790212317
967790212353
967790212385
967790212485
967790212535
967790212555
967790212615
967790212759
967790212770
967790212810
967790213022
967790213072